1234567890
1234567890
1234567890
1234567890
1234567890
1234567890
1234567890
1234567890
1234567890
1234567890
1234567890
1234567890
1234567890
1234567890
1234567890
1234567890
1234567890
1234567890
1234567890
1234567890
1234567890
1234567890
1234567890
1234567890
1234567890
1234567890
1234567890
1234567890
1234567890
1234567890
1234567890
1234567890
2135476980
2314567890
3241658790
3426185970
4362819570
4638291750
6483927150
6849372510
8694735210
8967453120
9876541320
9785614230
7958162430
7591826340
5719283640
5172938460
1579283640
1752938460
7159283640
7512938460
5721394860
5273149680
2537416980
2354761890
3245678190
3426587910
4362859710
4638295170
6483921570
6849312750
8694137250
8961473520
9816745320
9187654230
1986745320
1897654230
8196745320
8917654230
9871526430
9785126340
7958213640
7592831460
5729384160
5273948610
2537496810
2354769180
3245671980
3426517890
4362158790
4631285970
6413829570
6148392750
1643829570
1468392750
4163829570
4618392750
6481937250
6849173520
8694715320
8967451230
9876542130
9785624310
7958263410
7592836140
5729381640
5273918460
2537194860
2351749680
3215476980
3124567890
1342658790
1436285970
4132658790
4316285970
3461829570
3648192750
6384917250
6839471520
8693745120
8967354210
9876532410
9785623140
7958261340
7592816430
5729184630
5271948360
2517493860
2154739680
1245376980
1423567890
4125376980
4213567890
2431658790
2346185970
3264819570
3628491750
6382947150
6839274510
8693725410
8967352140
9876531240
9785613420
7958164320
7591846230
5719482630
5174928360
1579482630
1754928360
7159482630
7514928360
5741293860
5472139680
4527316980
4253761890
2435678190
2346587910
3264859710
3628495170
6382941570
6839214750
8693127450
8961372540
9816735240
9187653420
1978564320
1795846230
7198564320
7915846230
9751482630
9574128360
5947213860
5492731680
4529376180
4253967810
2435698710
2346589170
3264851970
3628415790
6382147590
6831274950
8613729450
8167392540
1876935240
1789653420
7186935240
7819653420
8791564320
8975146230
9857412630
9584721360
5948273160
5492837610
4529386710
4253968170
2435691870
2346519780
3264157980
3621475890
6312748590
6137284950
1632748590
1367284950
3162748590
3617284950
6371829450
6738192540
7683915240
7869351420
8796534120
8975643210
9857462310
9584726130
5948271630
5492817360
4529183760
4251938670
2415396870
2143569780
1245396870
1243569780
2145396870
2413569780
4231657980
4326175890
3462718590
3647281950
6374829150
6738492510
7683945210
7869354120
8796531420
8975613240
9857162340
9581726430
5918274630
5192847360
1529874630
1958247360
9158274630
9521847360
5291483760
5294138670
2549316870
2453961780
4235697180
4326579810
3462758910
3647285190
6374821590
6738412950
7683149250
7861394520
8716935420
8179653240
1876935420
1789653240
7186935420
7819653240
8791562340
8975126430
9857214630
9582741360
5928473160
5294837610
2549386710
2453968170
4235691870
4326519780
3462157980
3641275890
6314728590
6137482950
1634728590
1367482950
3164728590
3617482950
6371849250
6738194520
7683915420
7869351240
8796532140
8975623410
9857264310
9582746130
5928471630
5294817360
2549183760
2451938670
4215396870
4123569780
1432657980
1346275890
3142657980
3416275890
4361728590
4637182950
6473819250
6748391520
7684935120
7869453210
8796542310
8975624130
9857261430
9582716340
5928173640
5291837460
2519384760
2153948670
1235496870
1324569780
3125496870
3214569780
2341657980
2436175890
4263718590
4627381950
6472839150
6748293510
7684925310
7869452130
8796541230
8975614320
9857163420
9581736240
5918372640
5193827460
1598372640
1953827460
9158372640
9513827460
5931284760
5392148670
3529416870
3254961780
2345697180
2436579810
4263758910
4627385190
6472831590
6748213950
7684129350
7861492530
8716945230
8179654320
1876945230
1879654320
8176945230
8719654320
7891563420
7985136240
9758312640
9573821460
5937284160
5392748610
3529476810
3254967180
2345691780
2436519870
4263158970
4621385790
6412837590
6148273950
1684729350
1867492530
8164729530
8617492530
6871945230
6789154320
7698513420
7965831240
9756382140
9573628410
5937264810
5392741680
3529471680
3254917860
2345198760
2431589670
4213856970
4128365790
1423856970
1248365790
2143856970
2418365790
4281637590
4826173950
8462719350
8647291530
6874925130
6789452310
7698543210
7965834120
9756381420
9573618240
5937162840
5391726480
3519274680
3152947860
1325498760
1234589670
2135498760
2314589670
3241856970
3428165790
4382617590
4836271950
8463729150
8647392510
6874935210
6789453120
7698541320
7965814230
9756182430
9571682340
5917263840
5192736480
1597263840
1952736480
9157263840
9512736480
5921374680
5293147860
2539418760
2354981670
3245896170
3428569710
4382657910
4836275190
8463721590
8647312950
6874139250
6781493520
7618945320
7169854230
1768945320
1679854230
6178945320
6719854230
7691582430
7965128340
9756213840
9572631480
5927364180
5293746810
2539478610
2354987160
3245891760
3428519670
4382156970
4831265790
8413627590
8146372950
1843627590
1486372950
4183627590
4816372950
8461739250
8647193520
6874915320
6789451230
7698542130
7965824310
9756283410
9572638140
5927361840
5293716480
2539174680
2351947860
3215498760
3124589670
1342856970
1438265790
4132856970
4318265790
3481627590
3846172950
8364719250
8637491520
6873945120
6789354210
7698534210
7965823140
9756281340
9572618430
5927164830
5291746380
2519473680
2154937860
1245398760
1423589670
4125398670
4213586970
2431865970
2348165790
3284617590
3826471950
8362749150
8637294510
6873925410
6789352140
7698531240
7965813420
9756184320
9571648230
5917462830
5194726380
1597462830
1954726380
9157462830
9514726380
5941273680
5492137860
4529318760
4253981670
2435896170
2348569710
3284657910
3826475190
8362741590
8637214950
6873129450
6781392540
7618935240
7169853420
1796584320
1975648230
9176584320
9715648230
7951462830
7594126380
5749213680
5472931860
4527398160
4253789610
2435876910
2348567190
3284651790
3826415970
8362149570
8631294750
6813927450
6189372540
1683927450
1689372540
6183927450
6819372540
8691735240
8967153420
9876514320
9785641230
7958462130
7594826310
5749283610
5472938160
4527391860
4253719680
2435176980
2341567890
3214658790
3126485970
1324658790
1236485970
2134658790
2316485970
3261849570
3628194750
6382917450
6839271540
8693725140
8967352410
9876534210
9785643120
7958461320
7594816230
5749182630
5471928360
4517293860
4152739680
1425376980
1243567890
2145376980
2413567890
4231658790
4326185970
3462819570
3648291750
6384927150
6839472510
8693745210
8967354120
9876531420
9785613240
7958162340
7591826430
5719284630
5172948360
1579284630
1752948360
7159284630
7512948360
5721493860
5274139680
2547316980
2453761890
4235678190
4326587910
3462859710
3648295170
6384921570
6839412750
8693147250
8961374520
9816735420
9187653240
1986735420
1897653240
8196735420
8917653240
9871562340
9785126430
7958214630
7592841360
5729483160
5274938610
2547396810
2453769180
4235671980
4326517890
3462158790
3641285970
6314829570
6138492750
1634829570
1368492750
3164829570
3618492750
6381947250
6839174520
8693715420
8967352140
9876532140
9785623410
7958264310
7592846130
5729481630
5274918360
2547193860
2451739680
4215376980
4123567890
1432658790
1346285970
3142658790
3416285970
4361829570
4638192750
6483917250
6849371520
8694735120
8967453210
9876542310
9785624130
7958261430
7592816340
5729183640
5271938460
2517394860
2153749680
1235476980
1324567890
3142576980
3214567890
2341658790
2436185970
4263819570
4628391750
6482937150
6849273510
8694725310
8967452130
9876541230
9785614320
7958163420
7591836240
5719382640
5173928460
1579382640
1753928460
7159382640
7513928460
5731294860
5372149680
3527416980
3254761890
2345678190
2436587910
4263859710
4628395170
6482931570
6849213750
8694127350
8961472530
9816745230
9187654320
1986745230
1897654320
8196745230
8917654320
9871563420
9785136240
7958316240
7593821640
5739284160
5372948610
3527491860
3254769180
2345716980
2435617890
4216358790
4162385970
1642839570
6148293750
1642839570
1468293750
4162839570
4618293750
6481927350
6849172530
8694715230
8967451320
9876543120
9785634210
7958362410
7593826140
5739281640
5372918460
3527194860
3251749680
2315476980
2134567890
1243658790
1426385970
4123658790
4216385970
2461839570
2648193750
6284917350
6829471530
8692745130
8967254310
9876523410
9785632140
7958361240
7593816420
5739184620
5371948260
3517492860
3154729680
1345279680
1432567890
4135276980
4312567890
3421658790
3246185970
2364819570
2638491750
6283947150
6829374510
8692735410
8967253140
9876521340
9785612430
7958164230
7591846320
5719483620
5174938260
1579483620
1754938260
7159483620
7514938260
5741392860
5473129680
4537216980
4352761890
3425678190
3246587910
2364859710
2638495170
6283941570
6829314750
8692137450
8961273540
9816725340
9187652430
1978564230
1795846320
7198564230
7915846320
9751483620
9574138260
5947312860
5493721680
4539276180
4352967810
3425698710
3246589170
2364851970
2638415790
6283147590
6821374950
8612739450
8167293540
1876925340
1789652430
7186925340
7819652430
8791564230
8975146320
9857413620
9584731260
5948372160
5493827610
4539286710
4352968170
3425691870
3246519780
2364157980
2631475890
6213748590
6127384950
1623748590
1267384950
2163748590
2617384950
6271839450
6728193540
7682915340
7869251430
8796524130
8975642310
9857463210
9584736120
5948371620
5493817260
4539182760
4351928670
3415296870
3142569780
1345296870
1342569780
3145296870
3412569780
4321657980
4236175890
2463718590
2647381950
6274839150
6728493510
7682945310
7869254130
8796521430
8975612340
9857163240
9581736420
5918374620
5193847260
1598374620
1953847260
9158374620
9513847260
5931482760
5394128670
3549216870
3452961780
4325697180
4236579810
2463758910
2647385190
6274831590
6728413950
7682149350
7861294530
8716925430
8179652340
1876925430
1789652340
7186925430
7819652340
8791563240
8975136420
9857314620
9583741260
5938472160
5394827610
3549286710
3452968170
4325691870
4236519780
2463157980
2641375890
6214738590
6127483950
1624738590
1267483950
2164738590
2617483950
6271849350
6728194530
7682915430
7869251340
8796523140
8975632410
9857364210
9583746120
5938471620
5394817260
3549182760
3451928670
4315296870
4132569780
1423657980
1246375890
2143657980
2416375890
4261738590
4627183950
6472819350
6748291530
7684925130
7869452310
8796543210
8975634120
9857361420
9583716240
5938172640
5391827460
3519284760
3152948670
1325496870
1234569780
2135496870
2314569780
3241657980
3426175890
4362718590
4637281950
6473821950
6748392510
7684935210
7869453120
8796541320
8975614230
9857162430
9581726340
5918273640
5192837460
1598273640
1952837460
9158273640
9512837460
5921384760
5293148670
2539416870
2354961780
3245697180
3426579810
4362758910
4637285190
6473821590
6748312950
7684139250
7861493520
8716945320
8179654230
1876945320
1879654230
8176945320
8719654230
7891562430
7985126340
9758213640
9572831460
5927384160
5293748610
2539476810
2354967180
3245691780
3426519870
4362158970
4631285790
6413827590
6148372950
1684739520
1867493520
8164739250
8617493520
6871945320
6789154230
7698512430
7965821340
9756283140
9572638410
5927364180
5293741680
2539417680
2354197860
3241598760
3412589670
4312856970
4138265790
1432856970
1348265790
3142856970
3418265790
4381627590
4836172950
8463719250
8647391520
6874935120
6789453210
7698542310
7965824130
9756281430
9572618340
5927163840
5291736480
2519374680
2153947860
1235498760
1324589670
3125498760
3214589670
2341856970
2438165790
4283617590
4826371950
8462739150
8647293510
6874925310
6789452130
7698541230
7965814320
9756183420
9571638240
5917362840
5193726480
1597362840
1953726480
9157362840
9513726480
5931274680
5392147860
3529418760
3254981670
2345896170
2438569710
4283657910
4826375190
8462731590
8647213950
6874129350
6781492530
7618945230
7169854320
1768945230
1679854320
6178945230
6719854320
7691583420
7965138240
9756312840
9573621480
5937264180
5392746810
3529478610
3254987160
2345891760
2438519670
4283156970
4821365790
8412637590
8146273950
1842637590
1486273950
4182637590
4816273950
8461729350
8647192530
6874915230
6789451320
7698543120
7965834210
9756382410
9573628140
5937216840
5392716480
3529174680
3251947860
2315498760
2134589670
1243856970
1428365790
4123856970
4218365790
2481637590
2846173950
8264719350
8627491530
6872945130
6789254310
7698523410
7965832140
9756381240
9573618420
5937164820
5391746280
3519472680
3154927860
1345298760
1432589670
4135298760
4312589670
3421856970
3248165790
2384617590
2836471950
8263749150
8627394510
6872935410
6789253140
7698521340
7965812430
9756184230
9571648320
5917463820
5194736280
1597463820
1954736280
9157463820
9514736280
5941372680
5493127860
4539218760
4352981670
3425896170
3248569710
2384657910
2836475190
8263741590
8627314950
6872139450
6781293540
7618925340
7169852430
1796584230
1975648320
9176548230
9715648230
7951462380
7594123680
5749312680
5473921860
4537298160
4352789610
3425876910
3248567190
2384651790
2836415970
8263149570
8621394750
6812937450
6189273540
1682937450
1689273540
6182937450
6819273540
8691725340
8967152430
9876514230
9785641320
7958463120
7594836210
5749382610
5473928160
4537291860
4352719680
3425176980
3241567890
2314658790
2136485970
1234658790
1326485970
3124658790
3216485970
2361849570
2638194750
6283917450
6829371540
8692735140
8967253410
9876524310
9785642130
7958461230
7594816320
5749183620
5471938260
4517392860
4153729680
1435276980
1342567890
3145276980
3412567890
4321658790
4236185970
2463819570
2648391750
6284937150
6829473510
8692745310
8967254130
9876521430
9785612340
7958163240
7591836420
5719384620
5173948260
1579384620
1753948260
7159384620
7513948260
5731492860
5374129680
3547216980
3452761890
4325678190
4236587910
2463859710
2648395170
6284931570
6829413750
8692147350
8961274530
9816725430
9187652340
1986725430
1897652340
8196725430
8917652340
9871563240
9785136420
7958314620
7593841260
5739482160
5374982610
3547296810
3457269180
4325671980
4236517890
2463158790
2641385970
6214839570
6128493750
1624839570
1268493750
2164839570
2618493750
6281947350
6829174530
8692715430
8967251340
9876523140
9785632410
7958364210
7593846120
5739481620
5374918260
3547192860
3451729680
4315276980
4132567890
1423658790
1246385970
2143658790
2416385970
4261839570
4628193750
6482917350
6849271530
8694725130
8967452310
9876543210
9785634120
7958361420
7593816240
5739182640
5371928460
3517294860
3152749680
1325476980
1234567890
1234567890
1234567890
1234567890
1234567890
1234567890
1234567890
1234567890
1234567890
