
   *** Bell Statistics Summary
       --------------------------------------------------------------------
         Bell Number:       1    2    3    4    5    6    7    8    9    0  
       --------------------------------------------------------------------
         Mean Error: All    -8    9    2  -16   -6    2   -4  -10    8   23 
                      Hs    -7   -4   15  -14  -18    8   -2  -16   20  -23 
                      Bs   -10   21  -10  -18    6   -5   -6   -5   -3   70 
        
         Std  Error: All    57   48   41   42   36   40   34   40   35   58 
                      Hs    61   52   41   45   36   40   36   39   35   38 
                      Bs    53   41   38   39   32   39   32   39   30   32 
        
         Rms  Error: All    57   49   41   45   36   40   35   41   36   63 
                      Hs    61   52   44   47   40   41   36   42   40   45 
                      Bs    54   46   39   43   32   39   33   40   31   77 
       --------------------------------------------------------------------
