
   *** Bell Statistics Summary
       ------------------------------------------------
         Bell Number:       1    2    3    4    5    6  
       ------------------------------------------------
         Mean Error: All     9    0    0   -1   -2   -6 
                      Hs     2   -3    3    3   -8  -13 
                      Bs    16    3   -3   -6    3    2 
        
         Std  Error: All    21   30   26   32   21   27 
                      Hs    19   33   27   30   21   28 
                      Bs    21   27   25   34   20   23 
        
         Rms  Error: All    23   30   26   32   21   27 
                      Hs    20   33   27   30   23   31 
                      Bs    26   27   25   35   20   23 
       ------------------------------------------------
