1234567890
2134657890
1234567890
1234567890
1234567890
1234567890
1234567890
1234567890
1234567890
1234567890
1234567890
1234567890
1234567890
1234567890
1234567890
1234567890
1234567890
1234567890
1234567890
1234567890
2135476980
2314567890
3241658790
3426185970
4362819570
4638291750
6483927150
6849372510
8694735210
8967453120
9876541320
9785614230
7958162430
7591826340
5719283640
5172938460
1579283640
1752938460
7159283640
7512938460
5721394860
5273149680
2537416980
2354761890
3245678190
3426587910
4362859710
4638295170
6483921570
6849312750
8694137250
8961473520
9816745320
9187654230
1978562430
1795826340
7198562430
7915826340
9751283640
9572138460
5927314860
5293741680
2539476180
2354967810
3245698710
3426589170
4362851970
4638215790
6483127590
6841372950
8614739250
8167493520
1864739250
1687493520
6184739250
6817493520
8671945320
8769154230
7896512430
7985621340
9758263140
9572836410
5927384610
5293748160
2539471860
2354917680
3245196780
3421569870
4312658970
4136285790
1463827590
1648372950
6143827590
6418372950
4681739250
4867193520
8476915320
8749651230
7894562130
7985426310
9758243610
9572834160
5927381460
5293718640
2539176840
2351967480
3215694780
3126549870
1325694780
1326549870
3125694780
3216549870
2361458970
2634185790
6243817590
6428371950
4682739150
4867293510
8476925310
8749652130
7894561230
7985416320
9758143620
9571834260
5917382460
5193782640
1597328460
1953728640
9157382460
9513728640
5931276840
5392167480
3529614780
3256941870
2365498170
2634589710
6243857910
6428375190
4682731590
4867213950
8476129350
8741692530
7814965230
7189456320
1798543620
1975834260
9178543620
9715834260
7951384260
7593128640
5739216840
5372961480
3527694180
3256749810
2365478910
2634587190
6243851790
6428315970
4682139570
4861293750
8416927350
8149672530
1846927350
1489672530
4186927350
4819672530
8491765230
8947156320
9874513620
9785431260
7958342160
7593824610
5739286410
5372968140
3527691840
3256719480
2365174980
2631547890
6213458790
6124385970
1642839570
1468293750
4162839570
4618293750
6481279350
6849172530
8694715230
8967451320
9876543120
9785634210
7958362410
7593826140
5739281640
5372918460
3527194860
3251749680
2315476980
2134567890
1235476980
1234567890
1234567890
1234567890
1234567890
1234567890
1234567890
1234567890
1234567890
1234567890
