
   *** Bell Statistics Summary
       --------------------------------------------------------------------
         Bell Number:       1    2    3    4    5    6    7    8    9    0  
       --------------------------------------------------------------------
         Mean Error: All     2   11    8   -9   -8    3  -12   14   -7    3 
                      Hs    -8   12   20  -11  -12   10  -13    0   22  -49 
                      Bs    13   11   -4   -7   -4   -4  -11   29  -37   54 
        
         Std  Error: All    47   61   37   49   32   35   35   39   46   61 
                      Hs    49   68   37   53   32   35   39   35   34   33 
                      Bs    43   53   34   45   32   33   31   38   37   31 
        
         Rms  Error: All    47   62   38   50   33   35   37   42   47   60 
                      Hs    49   69   42   53   34   36   41   35   41   59 
                      Bs    44   54   34   46   32   33   33   48   52   62 
       --------------------------------------------------------------------
