
   *** Bell Statistics Summary
       ------------------------------------------------
         Bell Number:       1    2    3    4    5    6  
       ------------------------------------------------
         Mean Error: All     9    1    1   -4    1   -8 
                      Hs    -4   -3    9    7   -8  -19 
                      Bs    22    4   -6  -15   10    3 
        
         Std  Error: All    23   26   22   27   22   24 
                      Hs    21   29   23   26   20   24 
                      Bs    18   24   19   22   21   19 
        
         Rms  Error: All    25   26   22   27   22   25 
                      Hs    21   29   24   27   21   30 
                      Bs    28   24   20   27   24   19 
       ------------------------------------------------
