
   *** Bell Statistics Summary
       --------------------------------------------------------------------
         Bell Number:       1    2    3    4    5    6    7    8    9    0  
       --------------------------------------------------------------------
         Mean Error: All   -13    8   41   10   -6   -7    9  -29  -14   -8 
                      Hs   -19    5   58   15   -1  -13   14  -43    9  -28 
                      Bs    -7   12   24    4  -10    0    4  -15  -38   12 
        
         Std  Error: All    43   39   47   44   39   48   39   36   61   41 
                      Hs    39   38   40   49   35   46   39   31   56   34 
                      Bs    47   41   47   38   42   50   38   36   56   37 
        
         Rms  Error: All    45   40   62   45   39   48   40   46   62   42 
                      Hs    43   38   71   51   34   47   41   52   57   44 
                      Bs    47   42   53   38   43   49   38   39   68   39 
       --------------------------------------------------------------------
