
   *** Bell Statistics Summary
       ------------------------------------------------
         Bell Number:       1    2    3    4    5    6  
       ------------------------------------------------
         Mean Error: All    10   -6    0    7    6  -14 
                      Hs     2  -13    3   12   -2  -24 
                      Bs    17    0   -3    1   13   -4 
        
         Std  Error: All    26   32   23   30   21   26 
                      Hs    23   35   25   32   19   27 
                      Bs    27   27   20   27   20   20 
        
         Rms  Error: All    28   33   23   30   21   30 
                      Hs    23   38   25   34   19   36 
                      Bs    32   27   20   27   24   21 
       ------------------------------------------------
