
   *** Bell Statistics Summary
       ------------------------------------------------
         Bell Number:       1    2    3    4    5    6  
       ------------------------------------------------
         Mean Error: All    -5   -4   12   15    0  -17 
                      Hs   -10  -11   18   24   -9  -28 
                      Bs     1    4    7    6    9   -7 
        
         Std  Error: All    21   29   21   27   22   26 
                      Hs    21   30   22   28   21   27 
                      Bs    19   26   19   23   19   19 
        
         Rms  Error: All    21   29   24   31   22   31 
                      Hs    23   32   28   37   23   39 
                      Bs    19   26   20   24   20   21 
       ------------------------------------------------
